{
 "cells": [
  {
   "cell_type": "code",
   "execution_count": 1,
   "id": "3aeaba2c",
   "metadata": {},
   "outputs": [],
   "source": [
    "import numpy as np\n",
    "import pandas as pd\n",
    "import matplotlib.pyplot as plt"
   ]
  },
  {
   "cell_type": "code",
   "execution_count": 37,
   "id": "f6260df8",
   "metadata": {},
   "outputs": [
    {
     "data": {
      "text/plain": [
       "Index(['title', 'production_cost', 'domestic_gross', 'worldwide_gross',\n",
       "       'opening_weekend', 'mpaa', 'genre', 'theaters', 'runtime', 'year',\n",
       "       'net earnings'],\n",
       "      dtype='object')"
      ]
     },
     "execution_count": 37,
     "metadata": {},
     "output_type": "execute_result"
    }
   ],
   "source": [
    "movie_data = pd.read_csv('top movies by production budget.csv')\n",
    "movie_data.keys()\n"
   ]
  },
  {
   "cell_type": "code",
   "execution_count": 75,
   "id": "1c1fc9c0",
   "metadata": {},
   "outputs": [
    {
     "data": {
      "text/html": [
       "<div>\n",
       "<style scoped>\n",
       "    .dataframe tbody tr th:only-of-type {\n",
       "        vertical-align: middle;\n",
       "    }\n",
       "\n",
       "    .dataframe tbody tr th {\n",
       "        vertical-align: top;\n",
       "    }\n",
       "\n",
       "    .dataframe thead th {\n",
       "        text-align: right;\n",
       "    }\n",
       "</style>\n",
       "<table border=\"1\" class=\"dataframe\">\n",
       "  <thead>\n",
       "    <tr style=\"text-align: right;\">\n",
       "      <th></th>\n",
       "      <th>title</th>\n",
       "      <th>production_cost</th>\n",
       "      <th>net earnings</th>\n",
       "      <th>year</th>\n",
       "    </tr>\n",
       "  </thead>\n",
       "  <tbody>\n",
       "    <tr>\n",
       "      <th>27</th>\n",
       "      <td>Avengers: Endgame</td>\n",
       "      <td>400000000</td>\n",
       "      <td>2397800564</td>\n",
       "      <td>2019</td>\n",
       "    </tr>\n",
       "    <tr>\n",
       "      <th>252</th>\n",
       "      <td>Pirates of the Caribbean: On Stranger Tides</td>\n",
       "      <td>379000000</td>\n",
       "      <td>666713802</td>\n",
       "      <td>2011</td>\n",
       "    </tr>\n",
       "    <tr>\n",
       "      <th>26</th>\n",
       "      <td>Avengers: Age of Ultron</td>\n",
       "      <td>365000000</td>\n",
       "      <td>1030316979</td>\n",
       "      <td>2015</td>\n",
       "    </tr>\n",
       "    <tr>\n",
       "      <th>308</th>\n",
       "      <td>Star Wars Ep. VII: The Force Awakens</td>\n",
       "      <td>306000000</td>\n",
       "      <td>1758615817</td>\n",
       "      <td>2015</td>\n",
       "    </tr>\n",
       "    <tr>\n",
       "      <th>28</th>\n",
       "      <td>Avengers: Infinity War</td>\n",
       "      <td>300000000</td>\n",
       "      <td>1748359754</td>\n",
       "      <td>2018</td>\n",
       "    </tr>\n",
       "    <tr>\n",
       "      <th>249</th>\n",
       "      <td>Pirates of the Caribbean: At World’s End</td>\n",
       "      <td>300000000</td>\n",
       "      <td>660996492</td>\n",
       "      <td>2007</td>\n",
       "    </tr>\n",
       "    <tr>\n",
       "      <th>179</th>\n",
       "      <td>Justice League</td>\n",
       "      <td>300000000</td>\n",
       "      <td>355945209</td>\n",
       "      <td>2017</td>\n",
       "    </tr>\n",
       "    <tr>\n",
       "      <th>292</th>\n",
       "      <td>Spectre</td>\n",
       "      <td>300000000</td>\n",
       "      <td>579500760</td>\n",
       "      <td>2015</td>\n",
       "    </tr>\n",
       "    <tr>\n",
       "      <th>310</th>\n",
       "      <td>Star Wars: The Rise of Skywalker</td>\n",
       "      <td>275000000</td>\n",
       "      <td>797848487</td>\n",
       "      <td>2019</td>\n",
       "    </tr>\n",
       "    <tr>\n",
       "      <th>289</th>\n",
       "      <td>Solo: A Star Wars Story</td>\n",
       "      <td>275000000</td>\n",
       "      <td>118151347</td>\n",
       "      <td>2018</td>\n",
       "    </tr>\n",
       "  </tbody>\n",
       "</table>\n",
       "</div>"
      ],
      "text/plain": [
       "                                           title  production_cost  \\\n",
       "27                             Avengers: Endgame        400000000   \n",
       "252  Pirates of the Caribbean: On Stranger Tides        379000000   \n",
       "26                       Avengers: Age of Ultron        365000000   \n",
       "308         Star Wars Ep. VII: The Force Awakens        306000000   \n",
       "28                        Avengers: Infinity War        300000000   \n",
       "249     Pirates of the Caribbean: At World’s End        300000000   \n",
       "179                               Justice League        300000000   \n",
       "292                                      Spectre        300000000   \n",
       "310             Star Wars: The Rise of Skywalker        275000000   \n",
       "289                      Solo: A Star Wars Story        275000000   \n",
       "\n",
       "     net earnings  year  \n",
       "27     2397800564  2019  \n",
       "252     666713802  2011  \n",
       "26     1030316979  2015  \n",
       "308    1758615817  2015  \n",
       "28     1748359754  2018  \n",
       "249     660996492  2007  \n",
       "179     355945209  2017  \n",
       "292     579500760  2015  \n",
       "310     797848487  2019  \n",
       "289     118151347  2018  "
      ]
     },
     "execution_count": 75,
     "metadata": {},
     "output_type": "execute_result"
    }
   ],
   "source": [
    "highest_production = movie_data.groupby(['title','production_cost','net earnings','year'], as_index=False)\n",
    "highest_production.count()[['title','production_cost','net earnings','year']].sort_values(['production_cost'], ascending=False).head(10)"
   ]
  },
  {
   "cell_type": "code",
   "execution_count": 44,
   "id": "520869bf",
   "metadata": {},
   "outputs": [
    {
     "data": {
      "text/html": [
       "<div>\n",
       "<style scoped>\n",
       "    .dataframe tbody tr th:only-of-type {\n",
       "        vertical-align: middle;\n",
       "    }\n",
       "\n",
       "    .dataframe tbody tr th {\n",
       "        vertical-align: top;\n",
       "    }\n",
       "\n",
       "    .dataframe thead th {\n",
       "        text-align: right;\n",
       "    }\n",
       "</style>\n",
       "<table border=\"1\" class=\"dataframe\">\n",
       "  <thead>\n",
       "    <tr style=\"text-align: right;\">\n",
       "      <th></th>\n",
       "      <th>title</th>\n",
       "      <th>production_cost</th>\n",
       "      <th>net earnings</th>\n",
       "      <th>year</th>\n",
       "    </tr>\n",
       "  </thead>\n",
       "  <tbody>\n",
       "    <tr>\n",
       "      <th>25</th>\n",
       "      <td>Avatar</td>\n",
       "      <td>237000000</td>\n",
       "      <td>2673370905</td>\n",
       "      <td>2009</td>\n",
       "    </tr>\n",
       "    <tr>\n",
       "      <th>27</th>\n",
       "      <td>Avengers: Endgame</td>\n",
       "      <td>400000000</td>\n",
       "      <td>2397800564</td>\n",
       "      <td>2019</td>\n",
       "    </tr>\n",
       "    <tr>\n",
       "      <th>424</th>\n",
       "      <td>Titanic</td>\n",
       "      <td>200000000</td>\n",
       "      <td>2007986545</td>\n",
       "      <td>1997</td>\n",
       "    </tr>\n",
       "    <tr>\n",
       "      <th>308</th>\n",
       "      <td>Star Wars Ep. VII: The Force Awakens</td>\n",
       "      <td>306000000</td>\n",
       "      <td>1758615817</td>\n",
       "      <td>2015</td>\n",
       "    </tr>\n",
       "    <tr>\n",
       "      <th>28</th>\n",
       "      <td>Avengers: Infinity War</td>\n",
       "      <td>300000000</td>\n",
       "      <td>1748359754</td>\n",
       "      <td>2018</td>\n",
       "    </tr>\n",
       "    <tr>\n",
       "      <th>300</th>\n",
       "      <td>Spider-Man: No Way Home</td>\n",
       "      <td>200000000</td>\n",
       "      <td>1712775610</td>\n",
       "      <td>2021</td>\n",
       "    </tr>\n",
       "    <tr>\n",
       "      <th>176</th>\n",
       "      <td>Jurassic World</td>\n",
       "      <td>215000000</td>\n",
       "      <td>1454979967</td>\n",
       "      <td>2015</td>\n",
       "    </tr>\n",
       "    <tr>\n",
       "      <th>382</th>\n",
       "      <td>The Lion King</td>\n",
       "      <td>260000000</td>\n",
       "      <td>1387778651</td>\n",
       "      <td>2019</td>\n",
       "    </tr>\n",
       "    <tr>\n",
       "      <th>111</th>\n",
       "      <td>Furious 7</td>\n",
       "      <td>190000000</td>\n",
       "      <td>1324553486</td>\n",
       "      <td>2015</td>\n",
       "    </tr>\n",
       "    <tr>\n",
       "      <th>427</th>\n",
       "      <td>Top Gun: Maverick</td>\n",
       "      <td>170000000</td>\n",
       "      <td>1308823595</td>\n",
       "      <td>2022</td>\n",
       "    </tr>\n",
       "  </tbody>\n",
       "</table>\n",
       "</div>"
      ],
      "text/plain": [
       "                                    title  production_cost  net earnings  year\n",
       "25                                 Avatar        237000000    2673370905  2009\n",
       "27                      Avengers: Endgame        400000000    2397800564  2019\n",
       "424                               Titanic        200000000    2007986545  1997\n",
       "308  Star Wars Ep. VII: The Force Awakens        306000000    1758615817  2015\n",
       "28                 Avengers: Infinity War        300000000    1748359754  2018\n",
       "300               Spider-Man: No Way Home        200000000    1712775610  2021\n",
       "176                        Jurassic World        215000000    1454979967  2015\n",
       "382                         The Lion King        260000000    1387778651  2019\n",
       "111                             Furious 7        190000000    1324553486  2015\n",
       "427                     Top Gun: Maverick        170000000    1308823595  2022"
      ]
     },
     "execution_count": 44,
     "metadata": {},
     "output_type": "execute_result"
    }
   ],
   "source": [
    "highest_production = movie_data.groupby(['title','production_cost','net earnings','year'], as_index=False)\n",
    "highest_production.count()[['title','production_cost','net earnings','year']].sort_values(['net earnings'], ascending=False).head(10)"
   ]
  },
  {
   "cell_type": "code",
   "execution_count": 43,
   "id": "f99037b9",
   "metadata": {},
   "outputs": [
    {
     "data": {
      "text/html": [
       "<div>\n",
       "<style scoped>\n",
       "    .dataframe tbody tr th:only-of-type {\n",
       "        vertical-align: middle;\n",
       "    }\n",
       "\n",
       "    .dataframe tbody tr th {\n",
       "        vertical-align: top;\n",
       "    }\n",
       "\n",
       "    .dataframe thead th {\n",
       "        text-align: right;\n",
       "    }\n",
       "</style>\n",
       "<table border=\"1\" class=\"dataframe\">\n",
       "  <thead>\n",
       "    <tr style=\"text-align: right;\">\n",
       "      <th></th>\n",
       "      <th>title</th>\n",
       "      <th>production_cost</th>\n",
       "      <th>net earnings</th>\n",
       "      <th>year</th>\n",
       "    </tr>\n",
       "  </thead>\n",
       "  <tbody>\n",
       "    <tr>\n",
       "      <th>206</th>\n",
       "      <td>Mars Needs Moms</td>\n",
       "      <td>150000000</td>\n",
       "      <td>-110450242</td>\n",
       "      <td>2011</td>\n",
       "    </tr>\n",
       "    <tr>\n",
       "      <th>227</th>\n",
       "      <td>Moonfall</td>\n",
       "      <td>150000000</td>\n",
       "      <td>-90950968</td>\n",
       "      <td>2022</td>\n",
       "    </tr>\n",
       "    <tr>\n",
       "      <th>57</th>\n",
       "      <td>Chaos Walking</td>\n",
       "      <td>100000000</td>\n",
       "      <td>-72924340</td>\n",
       "      <td>2021</td>\n",
       "    </tr>\n",
       "    <tr>\n",
       "      <th>147</th>\n",
       "      <td>How Do You Know?</td>\n",
       "      <td>120000000</td>\n",
       "      <td>-70371823</td>\n",
       "      <td>2010</td>\n",
       "    </tr>\n",
       "    <tr>\n",
       "      <th>379</th>\n",
       "      <td>The Last Duel</td>\n",
       "      <td>100000000</td>\n",
       "      <td>-69944767</td>\n",
       "      <td>2021</td>\n",
       "    </tr>\n",
       "    <tr>\n",
       "      <th>331</th>\n",
       "      <td>The Alamo</td>\n",
       "      <td>92000000</td>\n",
       "      <td>-68088638</td>\n",
       "      <td>2004</td>\n",
       "    </tr>\n",
       "    <tr>\n",
       "      <th>239</th>\n",
       "      <td>Onward</td>\n",
       "      <td>200000000</td>\n",
       "      <td>-66682970</td>\n",
       "      <td>2020</td>\n",
       "    </tr>\n",
       "    <tr>\n",
       "      <th>223</th>\n",
       "      <td>Monster Trucks</td>\n",
       "      <td>125000000</td>\n",
       "      <td>-63357202</td>\n",
       "      <td>2016</td>\n",
       "    </tr>\n",
       "    <tr>\n",
       "      <th>328</th>\n",
       "      <td>The 13th Warrior</td>\n",
       "      <td>125000000</td>\n",
       "      <td>-63301101</td>\n",
       "      <td>1999</td>\n",
       "    </tr>\n",
       "    <tr>\n",
       "      <th>312</th>\n",
       "      <td>Stealth</td>\n",
       "      <td>138000000</td>\n",
       "      <td>-61583254</td>\n",
       "      <td>2005</td>\n",
       "    </tr>\n",
       "  </tbody>\n",
       "</table>\n",
       "</div>"
      ],
      "text/plain": [
       "                title  production_cost  net earnings  year\n",
       "206   Mars Needs Moms        150000000    -110450242  2011\n",
       "227          Moonfall        150000000     -90950968  2022\n",
       "57      Chaos Walking        100000000     -72924340  2021\n",
       "147  How Do You Know?        120000000     -70371823  2010\n",
       "379     The Last Duel        100000000     -69944767  2021\n",
       "331         The Alamo         92000000     -68088638  2004\n",
       "239            Onward        200000000     -66682970  2020\n",
       "223    Monster Trucks        125000000     -63357202  2016\n",
       "328  The 13th Warrior        125000000     -63301101  1999\n",
       "312           Stealth        138000000     -61583254  2005"
      ]
     },
     "execution_count": 43,
     "metadata": {},
     "output_type": "execute_result"
    }
   ],
   "source": [
    "highest_production = movie_data.groupby(['title','production_cost','net earnings','year'], as_index=False)\n",
    "highest_production.count()[['title','production_cost','net earnings','year']].sort_values(['net earnings'], ascending=True).head(10)"
   ]
  },
  {
   "cell_type": "code",
   "execution_count": 61,
   "id": "bd153516",
   "metadata": {},
   "outputs": [
    {
     "data": {
      "text/html": [
       "<div>\n",
       "<style scoped>\n",
       "    .dataframe tbody tr th:only-of-type {\n",
       "        vertical-align: middle;\n",
       "    }\n",
       "\n",
       "    .dataframe tbody tr th {\n",
       "        vertical-align: top;\n",
       "    }\n",
       "\n",
       "    .dataframe thead th {\n",
       "        text-align: right;\n",
       "    }\n",
       "</style>\n",
       "<table border=\"1\" class=\"dataframe\">\n",
       "  <thead>\n",
       "    <tr style=\"text-align: right;\">\n",
       "      <th></th>\n",
       "      <th>production_cost</th>\n",
       "      <th>net earnings</th>\n",
       "      <th>year</th>\n",
       "    </tr>\n",
       "  </thead>\n",
       "  <tbody>\n",
       "    <tr>\n",
       "      <th>0</th>\n",
       "      <td>91000000</td>\n",
       "      <td>96861183</td>\n",
       "      <td>2013</td>\n",
       "    </tr>\n",
       "    <tr>\n",
       "      <th>1</th>\n",
       "      <td>92000000</td>\n",
       "      <td>-68088638</td>\n",
       "      <td>2004</td>\n",
       "    </tr>\n",
       "    <tr>\n",
       "      <th>2</th>\n",
       "      <td>92000000</td>\n",
       "      <td>212249198</td>\n",
       "      <td>2013</td>\n",
       "    </tr>\n",
       "    <tr>\n",
       "      <th>3</th>\n",
       "      <td>92000000</td>\n",
       "      <td>539441092</td>\n",
       "      <td>2004</td>\n",
       "    </tr>\n",
       "    <tr>\n",
       "      <th>4</th>\n",
       "      <td>92500000</td>\n",
       "      <td>70339667</td>\n",
       "      <td>2008</td>\n",
       "    </tr>\n",
       "  </tbody>\n",
       "</table>\n",
       "</div>"
      ],
      "text/plain": [
       "   production_cost  net earnings  year\n",
       "0         91000000      96861183  2013\n",
       "1         92000000     -68088638  2004\n",
       "2         92000000     212249198  2013\n",
       "3         92000000     539441092  2004\n",
       "4         92500000      70339667  2008"
      ]
     },
     "execution_count": 61,
     "metadata": {},
     "output_type": "execute_result"
    }
   ],
   "source": [
    "highest_production = movie_data.groupby(['production_cost','net earnings','year'], as_index=False)\n",
    "highest_production.mean()[['production_cost','net earnings','year']].head()"
   ]
  },
  {
   "cell_type": "code",
   "execution_count": 67,
   "id": "f9a73437",
   "metadata": {},
   "outputs": [
    {
     "data": {
      "text/html": [
       "<div>\n",
       "<style scoped>\n",
       "    .dataframe tbody tr th:only-of-type {\n",
       "        vertical-align: middle;\n",
       "    }\n",
       "\n",
       "    .dataframe tbody tr th {\n",
       "        vertical-align: top;\n",
       "    }\n",
       "\n",
       "    .dataframe thead th {\n",
       "        text-align: right;\n",
       "    }\n",
       "</style>\n",
       "<table border=\"1\" class=\"dataframe\">\n",
       "  <thead>\n",
       "    <tr style=\"text-align: right;\">\n",
       "      <th></th>\n",
       "      <th>production_cost</th>\n",
       "      <th>net earnings</th>\n",
       "      <th>year</th>\n",
       "    </tr>\n",
       "  </thead>\n",
       "  <tbody>\n",
       "    <tr>\n",
       "      <th>29</th>\n",
       "      <td>181875000.0</td>\n",
       "      <td>521235048.0</td>\n",
       "      <td>2022</td>\n",
       "    </tr>\n",
       "    <tr>\n",
       "      <th>27</th>\n",
       "      <td>181000000.0</td>\n",
       "      <td>23179957.0</td>\n",
       "      <td>2020</td>\n",
       "    </tr>\n",
       "    <tr>\n",
       "      <th>24</th>\n",
       "      <td>170000000.0</td>\n",
       "      <td>411139512.0</td>\n",
       "      <td>2017</td>\n",
       "    </tr>\n",
       "    <tr>\n",
       "      <th>26</th>\n",
       "      <td>164170370.0</td>\n",
       "      <td>490227833.0</td>\n",
       "      <td>2019</td>\n",
       "    </tr>\n",
       "    <tr>\n",
       "      <th>22</th>\n",
       "      <td>162540000.0</td>\n",
       "      <td>463238917.0</td>\n",
       "      <td>2015</td>\n",
       "    </tr>\n",
       "    <tr>\n",
       "      <th>28</th>\n",
       "      <td>161388889.0</td>\n",
       "      <td>235134641.0</td>\n",
       "      <td>2021</td>\n",
       "    </tr>\n",
       "    <tr>\n",
       "      <th>14</th>\n",
       "      <td>158833333.0</td>\n",
       "      <td>316864246.0</td>\n",
       "      <td>2007</td>\n",
       "    </tr>\n",
       "    <tr>\n",
       "      <th>15</th>\n",
       "      <td>158294118.0</td>\n",
       "      <td>302714789.0</td>\n",
       "      <td>2008</td>\n",
       "    </tr>\n",
       "    <tr>\n",
       "      <th>19</th>\n",
       "      <td>157957692.0</td>\n",
       "      <td>384337592.0</td>\n",
       "      <td>2012</td>\n",
       "    </tr>\n",
       "    <tr>\n",
       "      <th>25</th>\n",
       "      <td>156908696.0</td>\n",
       "      <td>500552735.0</td>\n",
       "      <td>2018</td>\n",
       "    </tr>\n",
       "    <tr>\n",
       "      <th>16</th>\n",
       "      <td>154659091.0</td>\n",
       "      <td>336313906.0</td>\n",
       "      <td>2009</td>\n",
       "    </tr>\n",
       "    <tr>\n",
       "      <th>23</th>\n",
       "      <td>152852941.0</td>\n",
       "      <td>307625928.0</td>\n",
       "      <td>2016</td>\n",
       "    </tr>\n",
       "    <tr>\n",
       "      <th>18</th>\n",
       "      <td>152812500.0</td>\n",
       "      <td>343462272.0</td>\n",
       "      <td>2011</td>\n",
       "    </tr>\n",
       "    <tr>\n",
       "      <th>20</th>\n",
       "      <td>151848485.0</td>\n",
       "      <td>316159833.0</td>\n",
       "      <td>2013</td>\n",
       "    </tr>\n",
       "    <tr>\n",
       "      <th>21</th>\n",
       "      <td>149703704.0</td>\n",
       "      <td>363578220.0</td>\n",
       "      <td>2014</td>\n",
       "    </tr>\n",
       "    <tr>\n",
       "      <th>13</th>\n",
       "      <td>148909091.0</td>\n",
       "      <td>307703635.0</td>\n",
       "      <td>2006</td>\n",
       "    </tr>\n",
       "    <tr>\n",
       "      <th>17</th>\n",
       "      <td>142896552.0</td>\n",
       "      <td>252765221.0</td>\n",
       "      <td>2010</td>\n",
       "    </tr>\n",
       "    <tr>\n",
       "      <th>2</th>\n",
       "      <td>137500000.0</td>\n",
       "      <td>162887682.0</td>\n",
       "      <td>1995</td>\n",
       "    </tr>\n",
       "    <tr>\n",
       "      <th>12</th>\n",
       "      <td>136928571.0</td>\n",
       "      <td>246403133.0</td>\n",
       "      <td>2005</td>\n",
       "    </tr>\n",
       "    <tr>\n",
       "      <th>5</th>\n",
       "      <td>135000000.0</td>\n",
       "      <td>270333333.0</td>\n",
       "      <td>1998</td>\n",
       "    </tr>\n",
       "    <tr>\n",
       "      <th>6</th>\n",
       "      <td>128571429.0</td>\n",
       "      <td>247248227.0</td>\n",
       "      <td>1999</td>\n",
       "    </tr>\n",
       "    <tr>\n",
       "      <th>10</th>\n",
       "      <td>127230769.0</td>\n",
       "      <td>311681264.0</td>\n",
       "      <td>2003</td>\n",
       "    </tr>\n",
       "    <tr>\n",
       "      <th>11</th>\n",
       "      <td>123631579.0</td>\n",
       "      <td>189894681.0</td>\n",
       "      <td>2004</td>\n",
       "    </tr>\n",
       "    <tr>\n",
       "      <th>4</th>\n",
       "      <td>122857143.0</td>\n",
       "      <td>377067210.0</td>\n",
       "      <td>1997</td>\n",
       "    </tr>\n",
       "    <tr>\n",
       "      <th>9</th>\n",
       "      <td>114909091.0</td>\n",
       "      <td>341809168.0</td>\n",
       "      <td>2002</td>\n",
       "    </tr>\n",
       "    <tr>\n",
       "      <th>7</th>\n",
       "      <td>111311111.0</td>\n",
       "      <td>190866954.0</td>\n",
       "      <td>2000</td>\n",
       "    </tr>\n",
       "    <tr>\n",
       "      <th>8</th>\n",
       "      <td>110045455.0</td>\n",
       "      <td>311316702.0</td>\n",
       "      <td>2001</td>\n",
       "    </tr>\n",
       "    <tr>\n",
       "      <th>3</th>\n",
       "      <td>100000000.0</td>\n",
       "      <td>179950000.0</td>\n",
       "      <td>1996</td>\n",
       "    </tr>\n",
       "    <tr>\n",
       "      <th>1</th>\n",
       "      <td>100000000.0</td>\n",
       "      <td>265300000.0</td>\n",
       "      <td>1994</td>\n",
       "    </tr>\n",
       "    <tr>\n",
       "      <th>0</th>\n",
       "      <td>100000000.0</td>\n",
       "      <td>415376182.0</td>\n",
       "      <td>1991</td>\n",
       "    </tr>\n",
       "  </tbody>\n",
       "</table>\n",
       "</div>"
      ],
      "text/plain": [
       "    production_cost  net earnings  year\n",
       "29      181875000.0   521235048.0  2022\n",
       "27      181000000.0    23179957.0  2020\n",
       "24      170000000.0   411139512.0  2017\n",
       "26      164170370.0   490227833.0  2019\n",
       "22      162540000.0   463238917.0  2015\n",
       "28      161388889.0   235134641.0  2021\n",
       "14      158833333.0   316864246.0  2007\n",
       "15      158294118.0   302714789.0  2008\n",
       "19      157957692.0   384337592.0  2012\n",
       "25      156908696.0   500552735.0  2018\n",
       "16      154659091.0   336313906.0  2009\n",
       "23      152852941.0   307625928.0  2016\n",
       "18      152812500.0   343462272.0  2011\n",
       "20      151848485.0   316159833.0  2013\n",
       "21      149703704.0   363578220.0  2014\n",
       "13      148909091.0   307703635.0  2006\n",
       "17      142896552.0   252765221.0  2010\n",
       "2       137500000.0   162887682.0  1995\n",
       "12      136928571.0   246403133.0  2005\n",
       "5       135000000.0   270333333.0  1998\n",
       "6       128571429.0   247248227.0  1999\n",
       "10      127230769.0   311681264.0  2003\n",
       "11      123631579.0   189894681.0  2004\n",
       "4       122857143.0   377067210.0  1997\n",
       "9       114909091.0   341809168.0  2002\n",
       "7       111311111.0   190866954.0  2000\n",
       "8       110045455.0   311316702.0  2001\n",
       "3       100000000.0   179950000.0  1996\n",
       "1       100000000.0   265300000.0  1994\n",
       "0       100000000.0   415376182.0  1991"
      ]
     },
     "execution_count": 67,
     "metadata": {},
     "output_type": "execute_result"
    }
   ],
   "source": [
    "highest_production = movie_data.groupby(['year'], as_index=False)\n",
    "highest_production.mean()[['production_cost','net earnings','year']].sort_values(['production_cost'], ascending=False).round()"
   ]
  },
  {
   "cell_type": "code",
   "execution_count": 69,
   "id": "24707109",
   "metadata": {},
   "outputs": [
    {
     "data": {
      "text/html": [
       "<div>\n",
       "<style scoped>\n",
       "    .dataframe tbody tr th:only-of-type {\n",
       "        vertical-align: middle;\n",
       "    }\n",
       "\n",
       "    .dataframe tbody tr th {\n",
       "        vertical-align: top;\n",
       "    }\n",
       "\n",
       "    .dataframe thead th {\n",
       "        text-align: right;\n",
       "    }\n",
       "</style>\n",
       "<table border=\"1\" class=\"dataframe\">\n",
       "  <thead>\n",
       "    <tr style=\"text-align: right;\">\n",
       "      <th></th>\n",
       "      <th>production_cost</th>\n",
       "      <th>net earnings</th>\n",
       "      <th>year</th>\n",
       "    </tr>\n",
       "  </thead>\n",
       "  <tbody>\n",
       "    <tr>\n",
       "      <th>29</th>\n",
       "      <td>181875000.0</td>\n",
       "      <td>521235048.0</td>\n",
       "      <td>2022</td>\n",
       "    </tr>\n",
       "    <tr>\n",
       "      <th>25</th>\n",
       "      <td>156908696.0</td>\n",
       "      <td>500552735.0</td>\n",
       "      <td>2018</td>\n",
       "    </tr>\n",
       "    <tr>\n",
       "      <th>26</th>\n",
       "      <td>164170370.0</td>\n",
       "      <td>490227833.0</td>\n",
       "      <td>2019</td>\n",
       "    </tr>\n",
       "    <tr>\n",
       "      <th>22</th>\n",
       "      <td>162540000.0</td>\n",
       "      <td>463238917.0</td>\n",
       "      <td>2015</td>\n",
       "    </tr>\n",
       "    <tr>\n",
       "      <th>0</th>\n",
       "      <td>100000000.0</td>\n",
       "      <td>415376182.0</td>\n",
       "      <td>1991</td>\n",
       "    </tr>\n",
       "    <tr>\n",
       "      <th>24</th>\n",
       "      <td>170000000.0</td>\n",
       "      <td>411139512.0</td>\n",
       "      <td>2017</td>\n",
       "    </tr>\n",
       "    <tr>\n",
       "      <th>19</th>\n",
       "      <td>157957692.0</td>\n",
       "      <td>384337592.0</td>\n",
       "      <td>2012</td>\n",
       "    </tr>\n",
       "    <tr>\n",
       "      <th>4</th>\n",
       "      <td>122857143.0</td>\n",
       "      <td>377067210.0</td>\n",
       "      <td>1997</td>\n",
       "    </tr>\n",
       "    <tr>\n",
       "      <th>21</th>\n",
       "      <td>149703704.0</td>\n",
       "      <td>363578220.0</td>\n",
       "      <td>2014</td>\n",
       "    </tr>\n",
       "    <tr>\n",
       "      <th>18</th>\n",
       "      <td>152812500.0</td>\n",
       "      <td>343462272.0</td>\n",
       "      <td>2011</td>\n",
       "    </tr>\n",
       "    <tr>\n",
       "      <th>9</th>\n",
       "      <td>114909091.0</td>\n",
       "      <td>341809168.0</td>\n",
       "      <td>2002</td>\n",
       "    </tr>\n",
       "    <tr>\n",
       "      <th>16</th>\n",
       "      <td>154659091.0</td>\n",
       "      <td>336313906.0</td>\n",
       "      <td>2009</td>\n",
       "    </tr>\n",
       "    <tr>\n",
       "      <th>14</th>\n",
       "      <td>158833333.0</td>\n",
       "      <td>316864246.0</td>\n",
       "      <td>2007</td>\n",
       "    </tr>\n",
       "    <tr>\n",
       "      <th>20</th>\n",
       "      <td>151848485.0</td>\n",
       "      <td>316159833.0</td>\n",
       "      <td>2013</td>\n",
       "    </tr>\n",
       "    <tr>\n",
       "      <th>10</th>\n",
       "      <td>127230769.0</td>\n",
       "      <td>311681264.0</td>\n",
       "      <td>2003</td>\n",
       "    </tr>\n",
       "    <tr>\n",
       "      <th>8</th>\n",
       "      <td>110045455.0</td>\n",
       "      <td>311316702.0</td>\n",
       "      <td>2001</td>\n",
       "    </tr>\n",
       "    <tr>\n",
       "      <th>13</th>\n",
       "      <td>148909091.0</td>\n",
       "      <td>307703635.0</td>\n",
       "      <td>2006</td>\n",
       "    </tr>\n",
       "    <tr>\n",
       "      <th>23</th>\n",
       "      <td>152852941.0</td>\n",
       "      <td>307625928.0</td>\n",
       "      <td>2016</td>\n",
       "    </tr>\n",
       "    <tr>\n",
       "      <th>15</th>\n",
       "      <td>158294118.0</td>\n",
       "      <td>302714789.0</td>\n",
       "      <td>2008</td>\n",
       "    </tr>\n",
       "    <tr>\n",
       "      <th>5</th>\n",
       "      <td>135000000.0</td>\n",
       "      <td>270333333.0</td>\n",
       "      <td>1998</td>\n",
       "    </tr>\n",
       "    <tr>\n",
       "      <th>1</th>\n",
       "      <td>100000000.0</td>\n",
       "      <td>265300000.0</td>\n",
       "      <td>1994</td>\n",
       "    </tr>\n",
       "    <tr>\n",
       "      <th>17</th>\n",
       "      <td>142896552.0</td>\n",
       "      <td>252765221.0</td>\n",
       "      <td>2010</td>\n",
       "    </tr>\n",
       "    <tr>\n",
       "      <th>6</th>\n",
       "      <td>128571429.0</td>\n",
       "      <td>247248227.0</td>\n",
       "      <td>1999</td>\n",
       "    </tr>\n",
       "    <tr>\n",
       "      <th>12</th>\n",
       "      <td>136928571.0</td>\n",
       "      <td>246403133.0</td>\n",
       "      <td>2005</td>\n",
       "    </tr>\n",
       "    <tr>\n",
       "      <th>28</th>\n",
       "      <td>161388889.0</td>\n",
       "      <td>235134641.0</td>\n",
       "      <td>2021</td>\n",
       "    </tr>\n",
       "    <tr>\n",
       "      <th>7</th>\n",
       "      <td>111311111.0</td>\n",
       "      <td>190866954.0</td>\n",
       "      <td>2000</td>\n",
       "    </tr>\n",
       "    <tr>\n",
       "      <th>11</th>\n",
       "      <td>123631579.0</td>\n",
       "      <td>189894681.0</td>\n",
       "      <td>2004</td>\n",
       "    </tr>\n",
       "    <tr>\n",
       "      <th>3</th>\n",
       "      <td>100000000.0</td>\n",
       "      <td>179950000.0</td>\n",
       "      <td>1996</td>\n",
       "    </tr>\n",
       "    <tr>\n",
       "      <th>2</th>\n",
       "      <td>137500000.0</td>\n",
       "      <td>162887682.0</td>\n",
       "      <td>1995</td>\n",
       "    </tr>\n",
       "    <tr>\n",
       "      <th>27</th>\n",
       "      <td>181000000.0</td>\n",
       "      <td>23179957.0</td>\n",
       "      <td>2020</td>\n",
       "    </tr>\n",
       "  </tbody>\n",
       "</table>\n",
       "</div>"
      ],
      "text/plain": [
       "    production_cost  net earnings  year\n",
       "29      181875000.0   521235048.0  2022\n",
       "25      156908696.0   500552735.0  2018\n",
       "26      164170370.0   490227833.0  2019\n",
       "22      162540000.0   463238917.0  2015\n",
       "0       100000000.0   415376182.0  1991\n",
       "24      170000000.0   411139512.0  2017\n",
       "19      157957692.0   384337592.0  2012\n",
       "4       122857143.0   377067210.0  1997\n",
       "21      149703704.0   363578220.0  2014\n",
       "18      152812500.0   343462272.0  2011\n",
       "9       114909091.0   341809168.0  2002\n",
       "16      154659091.0   336313906.0  2009\n",
       "14      158833333.0   316864246.0  2007\n",
       "20      151848485.0   316159833.0  2013\n",
       "10      127230769.0   311681264.0  2003\n",
       "8       110045455.0   311316702.0  2001\n",
       "13      148909091.0   307703635.0  2006\n",
       "23      152852941.0   307625928.0  2016\n",
       "15      158294118.0   302714789.0  2008\n",
       "5       135000000.0   270333333.0  1998\n",
       "1       100000000.0   265300000.0  1994\n",
       "17      142896552.0   252765221.0  2010\n",
       "6       128571429.0   247248227.0  1999\n",
       "12      136928571.0   246403133.0  2005\n",
       "28      161388889.0   235134641.0  2021\n",
       "7       111311111.0   190866954.0  2000\n",
       "11      123631579.0   189894681.0  2004\n",
       "3       100000000.0   179950000.0  1996\n",
       "2       137500000.0   162887682.0  1995\n",
       "27      181000000.0    23179957.0  2020"
      ]
     },
     "execution_count": 69,
     "metadata": {},
     "output_type": "execute_result"
    }
   ],
   "source": [
    "highest_earnings = movie_data.groupby(['year'], as_index=False)\n",
    "highest_earnings.mean()[['production_cost','net earnings','year']].sort_values(['net earnings'], ascending=False).round()"
   ]
  },
  {
   "cell_type": "code",
   "execution_count": 71,
   "id": "92e0c877",
   "metadata": {},
   "outputs": [
    {
     "data": {
      "text/html": [
       "<div>\n",
       "<style scoped>\n",
       "    .dataframe tbody tr th:only-of-type {\n",
       "        vertical-align: middle;\n",
       "    }\n",
       "\n",
       "    .dataframe tbody tr th {\n",
       "        vertical-align: top;\n",
       "    }\n",
       "\n",
       "    .dataframe thead th {\n",
       "        text-align: right;\n",
       "    }\n",
       "</style>\n",
       "<table border=\"1\" class=\"dataframe\">\n",
       "  <thead>\n",
       "    <tr style=\"text-align: right;\">\n",
       "      <th></th>\n",
       "      <th>title</th>\n",
       "      <th>year</th>\n",
       "    </tr>\n",
       "  </thead>\n",
       "  <tbody>\n",
       "    <tr>\n",
       "      <th>23</th>\n",
       "      <td>34</td>\n",
       "      <td>2016</td>\n",
       "    </tr>\n",
       "    <tr>\n",
       "      <th>20</th>\n",
       "      <td>33</td>\n",
       "      <td>2013</td>\n",
       "    </tr>\n",
       "    <tr>\n",
       "      <th>17</th>\n",
       "      <td>29</td>\n",
       "      <td>2010</td>\n",
       "    </tr>\n",
       "    <tr>\n",
       "      <th>26</th>\n",
       "      <td>27</td>\n",
       "      <td>2019</td>\n",
       "    </tr>\n",
       "    <tr>\n",
       "      <th>24</th>\n",
       "      <td>27</td>\n",
       "      <td>2017</td>\n",
       "    </tr>\n",
       "    <tr>\n",
       "      <th>21</th>\n",
       "      <td>27</td>\n",
       "      <td>2014</td>\n",
       "    </tr>\n",
       "    <tr>\n",
       "      <th>19</th>\n",
       "      <td>26</td>\n",
       "      <td>2012</td>\n",
       "    </tr>\n",
       "    <tr>\n",
       "      <th>22</th>\n",
       "      <td>25</td>\n",
       "      <td>2015</td>\n",
       "    </tr>\n",
       "    <tr>\n",
       "      <th>18</th>\n",
       "      <td>24</td>\n",
       "      <td>2011</td>\n",
       "    </tr>\n",
       "    <tr>\n",
       "      <th>25</th>\n",
       "      <td>23</td>\n",
       "      <td>2018</td>\n",
       "    </tr>\n",
       "    <tr>\n",
       "      <th>16</th>\n",
       "      <td>22</td>\n",
       "      <td>2009</td>\n",
       "    </tr>\n",
       "    <tr>\n",
       "      <th>11</th>\n",
       "      <td>19</td>\n",
       "      <td>2004</td>\n",
       "    </tr>\n",
       "    <tr>\n",
       "      <th>14</th>\n",
       "      <td>18</td>\n",
       "      <td>2007</td>\n",
       "    </tr>\n",
       "    <tr>\n",
       "      <th>28</th>\n",
       "      <td>18</td>\n",
       "      <td>2021</td>\n",
       "    </tr>\n",
       "    <tr>\n",
       "      <th>15</th>\n",
       "      <td>17</td>\n",
       "      <td>2008</td>\n",
       "    </tr>\n",
       "    <tr>\n",
       "      <th>12</th>\n",
       "      <td>14</td>\n",
       "      <td>2005</td>\n",
       "    </tr>\n",
       "    <tr>\n",
       "      <th>10</th>\n",
       "      <td>13</td>\n",
       "      <td>2003</td>\n",
       "    </tr>\n",
       "    <tr>\n",
       "      <th>13</th>\n",
       "      <td>11</td>\n",
       "      <td>2006</td>\n",
       "    </tr>\n",
       "    <tr>\n",
       "      <th>9</th>\n",
       "      <td>11</td>\n",
       "      <td>2002</td>\n",
       "    </tr>\n",
       "    <tr>\n",
       "      <th>8</th>\n",
       "      <td>11</td>\n",
       "      <td>2001</td>\n",
       "    </tr>\n",
       "    <tr>\n",
       "      <th>7</th>\n",
       "      <td>9</td>\n",
       "      <td>2000</td>\n",
       "    </tr>\n",
       "    <tr>\n",
       "      <th>29</th>\n",
       "      <td>8</td>\n",
       "      <td>2022</td>\n",
       "    </tr>\n",
       "    <tr>\n",
       "      <th>6</th>\n",
       "      <td>7</td>\n",
       "      <td>1999</td>\n",
       "    </tr>\n",
       "    <tr>\n",
       "      <th>4</th>\n",
       "      <td>7</td>\n",
       "      <td>1997</td>\n",
       "    </tr>\n",
       "    <tr>\n",
       "      <th>27</th>\n",
       "      <td>5</td>\n",
       "      <td>2020</td>\n",
       "    </tr>\n",
       "    <tr>\n",
       "      <th>5</th>\n",
       "      <td>3</td>\n",
       "      <td>1998</td>\n",
       "    </tr>\n",
       "    <tr>\n",
       "      <th>3</th>\n",
       "      <td>2</td>\n",
       "      <td>1996</td>\n",
       "    </tr>\n",
       "    <tr>\n",
       "      <th>2</th>\n",
       "      <td>2</td>\n",
       "      <td>1995</td>\n",
       "    </tr>\n",
       "    <tr>\n",
       "      <th>1</th>\n",
       "      <td>1</td>\n",
       "      <td>1994</td>\n",
       "    </tr>\n",
       "    <tr>\n",
       "      <th>0</th>\n",
       "      <td>1</td>\n",
       "      <td>1991</td>\n",
       "    </tr>\n",
       "  </tbody>\n",
       "</table>\n",
       "</div>"
      ],
      "text/plain": [
       "    title  year\n",
       "23     34  2016\n",
       "20     33  2013\n",
       "17     29  2010\n",
       "26     27  2019\n",
       "24     27  2017\n",
       "21     27  2014\n",
       "19     26  2012\n",
       "22     25  2015\n",
       "18     24  2011\n",
       "25     23  2018\n",
       "16     22  2009\n",
       "11     19  2004\n",
       "14     18  2007\n",
       "28     18  2021\n",
       "15     17  2008\n",
       "12     14  2005\n",
       "10     13  2003\n",
       "13     11  2006\n",
       "9      11  2002\n",
       "8      11  2001\n",
       "7       9  2000\n",
       "29      8  2022\n",
       "6       7  1999\n",
       "4       7  1997\n",
       "27      5  2020\n",
